%YAML:1.0

#--------------------------------------------------------------------------------------------
# Camera Parameters. Adjust them!
#--------------------------------------------------------------------------------------------

# Camera calibration and distortion parameters (OpenCV) 
Camera.fx: 724.1721047676475
Camera.fy: 723.2015191636134
Camera.cx: 319.4993538860038
Camera.cy: 245.8102581146257

Camera.k1: 0.07201126043999169
Camera.k2: -0.06659388056309759
Camera.p1: -0.0014204738858687126
Camera.p2: -0.0008845577162990703

Camera.width: 640
Camera.height: 480

# Camera frames per second 
Camera.fps: 30.0

# stereo baseline times fx
Camera.bf: 44.50326

# Color order of the images (0: BGR, 1: RGB. It is ignored if images are grayscale)
Camera.RGB: 1

# Close/Far threshold. Baseline times.
ThDepth: 35

#--------------------------------------------------------------------------------------------
# Stereo Rectification. Only if you need to pre-rectify the images.
# Camera.fx, .fy, etc must be the same as in LEFT.P
#--------------------------------------------------------------------------------------------
LEFT.height: 480
LEFT.width: 640
LEFT.D: !!opencv-matrix
   rows: 1
   cols: 5
   dt: d
   data:[0.07201126043999169, -0.06659388056309759, -0.0014204738858687126, -0.0008845577162990703, 0.0]
LEFT.K: !!opencv-matrix
   rows: 3
   cols: 3
   dt: d
   data: [724.1721047676475, 0.0, 319.4993538860038, 0.0, 723.2015191636134, 245.8102581146257, 0.0, 0.0, 1.0]
LEFT.R:  !!opencv-matrix
   rows: 3
   cols: 3
   dt: d
   data: [0.9999993050337916, 0.0004144967070300983, -0.0011036867365585847, -0.0004102732132450766, 0.9999926035775201, 0.0038241948357918693, 0.0011052636893916737, -0.0038237393650018625, 0.9999920786733485]
LEFT.P:  !!opencv-matrix
   rows: 3
   cols: 4
   dt: d
   data: [724.1721047676475, 0, 319.4993538860038, 0,  0, 723.2015191636134, 245.8102581146257, 0,  0, 0, 1, 0]

RIGHT.height: 480
RIGHT.width: 640
RIGHT.D: !!opencv-matrix
   rows: 1
   cols: 5
   dt: d
   data:[0.07609382978175933, -0.09737213087254688, -0.002486049991145377, -4.4122854209829365e-05, 0.0]
RIGHT.K: !!opencv-matrix
   rows: 3
   cols: 3
   dt: d
   data: [722.8555926149562, 0.0, 321.85375457865103, 0.0, 722.3123093567701, 221.07647095115425, 0.0, 0.0, 1.0]
RIGHT.R:  !!opencv-matrix
   rows: 3
   cols: 3
   dt: d
   data: [1, 0, 0, 0, 1, 0, 0, 0, 1]
RIGHT.P:  !!opencv-matrix
   rows: 3
   cols: 4
   dt: d
   data: [724.1721047676475, 0, 319.4993538860038, -44.50326, 0, 723.2015191636134, 245.8102581146257, 0, 0, 0, 1, 0]

#--------------------------------------------------------------------------------------------
# ORB Parameters
#--------------------------------------------------------------------------------------------

# ORB Extractor: Number of features per image
ORBextractor.nFeatures: 1200

# ORB Extractor: Scale factor between levels in the scale pyramid 	
ORBextractor.scaleFactor: 1.2

# ORB Extractor: Number of levels in the scale pyramid	
ORBextractor.nLevels: 8

# ORB Extractor: Fast threshold
# Image is divided in a grid. At each cell FAST are extracted imposing a minimum response.
# Firstly we impose iniThFAST. If no corners are detected we impose a lower value minThFAST
# You can lower these values if your images have low contrast			
ORBextractor.iniThFAST: 20
ORBextractor.minThFAST: 7

#--------------------------------------------------------------------------------------------
# Viewer Parameters
#--------------------------------------------------------------------------------------------
Viewer.KeyFrameSize: 0.05
Viewer.KeyFrameLineWidth: 1
Viewer.GraphLineWidth: 0.9
Viewer.PointSize:2
Viewer.CameraSize: 0.08
Viewer.CameraLineWidth: 3
Viewer.ViewpointX: 0
Viewer.ViewpointY: -0.7
Viewer.ViewpointZ: -1.8
Viewer.ViewpointF: 500

